$ANSIBLE_VAULT;1.1;AES256
37383565663036633534373733346536633030613037373462316433353066613738396436333135
6433626133336435646333396561326431396266626233300a656433663338303036306637616464
38393364343563633737343361396437353634393435383033333031666236613832343961663630
3235623434623731390a326231633739613730623939623563383163663532336562653637623038
31363934623861653739323638306436633462663062386439653734373032646133623461383666
37323365303830313561333366383731633836643566646466326361663066363232363835396634
64393232366230346530643961306536386662353939333830303237653530636162313738323664
66356162356535336539363236346531633932343466326361623639643162313839613739653032
38646638363130316165396635336132653234663036353037663633333234383334333363333433
61313464386638613536613039353232343535393365643338313438393263363133306533356263
37356563323433623061636434396231616535646265346431306438393537333230656665613236
61653832653763353533386333313432613038353832396364346365653232383436633836343465
65653266313630303464306561353833663433646133646333306439323861323037613332316564
30323038666232366637323835353832336332313163623165383035363064366636333937636665
38333539653036383162663732303237613163366138373162396233623433346432633236383666
64396131326638616338643866363161653765653333323465333637333866333239393861313238
38643166383139633330663265306431353462633733626135303131356437333562356237363734
63363734616232303832346466306363353535663263653066386166623733353761333830643337
65613064383230373130373931633334356534336631303264383363333737636133353963613437
35393633633666616664626335636662623164343935306333633336383663383235393237613632
35643636323636653839313238333266663261353336356533653339656636623639626337663232
36333261323830363734363135323961353061613830616632303330633065323430376332653865
30383535366133613666346161353764383530666338383439383338613331343537643639306435
37326363346530633233663937326636623830383362643237313066643766626330656238353333
6636
